[[[39.61692599558991, 314.059338153087],
  [26.79282959142002, 340.40324781672535],
  [15.695362117560897, 332.1570468795434],
  [7.6038261440196395, 298.62368594039947],
  [5.920069286805413, 275.7487070869648],
  [4.687454485237699, 257.9248549769371],
  [3.6865960840047056, 245.60919326215284],
  [2.7311425448525717, 209.61994715404396],
  [2.2612702752397698, 206.13936044171177],
  [1.1039291794542028, 42.197302499845584],
  [0.07221140438318446, 0.41542621458449763],
  [0.11475070024719013, 51.677604872159606],
  [0.017335129336983245, 16.751332937375867]],
 [[38.73748218332078, 301.1167564715794],
  [26.246771784493454, 326.87443692971164],
  [15.405854451682728, 319.38263014649954],
  [7.48522379174409, 287.5977786477817],
  [5.836329740411653, 265.99766349169784],
  [4.6242827263762125, 248.8371375644261],
  [3.637845663783961, 236.74589282059682],
  [2.699031405041726, 202.52485134962595],
  [2.2334311174532053, 198.68521228857702],
  [1.1058362532026065, 42.51115055680704],
  [0.07176390401229094, 0.42913524484695004],
  [0.11278148530012573, 49.83864067390139],
  [0.017243338585654657, 16.184796537851195]],
 [[38.64121358457571, 296.79878489733045],
  [26.343943660303214, 322.49484062338405],
  [15.847424650715826, 315.4729873227259],
  [7.635864541416969, 285.0575769617588],
  [5.89371630371439, 265.4908180949682],
  [4.651313673725445, 248.22886269412206],
  [3.6338991343291753, 234.7474770453532],
  [2.7081909067744983, 203.24302232743054],
  [2.231511149961137, 196.5863890381589],
  [1.2001302792908206, 53.6305780498958],
  [0.08185808697381822, 0.6166581336802834],
  [0.11299285335359127, 49.325077170243254],
  [0.017273070492722982, 16.179545566247022]],
 [[36.848786986635325, 286.8466580743848],
  [24.87175510011567, 311.7838574390558],
  [14.498281023225832, 304.8572702132935],
  [6.9704487808988755, 274.89756100359335],
  [5.420733644009462, 254.94670211803455],
  [4.280117376440212, 238.47240706072145],
  [3.350762365992942, 226.3719035995472],
  [2.4809848036277464, 194.48972458959275],
  [2.0409700768759027, 189.77554654437853],
  [1.0534951982747085, 44.442338020672416],
  [0.07033449727048784, 0.46163452521761045],
  [0.09834799748089187, 47.461611227099056],
  [0.014828848242643293, 15.465277466318375]],
 [[36.550794267860624, 282.58363568952217],
  [24.72123681622469, 307.5681008381981],
  [14.48544807846233, 301.6138200693592],
  [6.951711688010049, 271.545642163385],
  [5.396757752747378, 251.35225637227512],
  [4.258691651246076, 235.05925381643007],
  [3.331685654674337, 223.23334927612117],
  [2.4664584785441543, 191.5237401290085],
  [2.0294317423336077, 187.2232318555077],
  [1.0439912638065056, 42.6593560682295],
  [0.06955721848086104, 0.4477817169873428],
  [0.09667005372349083, 46.82846383192395],
  [0.01477498401283193, 15.240313566978415]],
 [[36.55079426788081, 282.5836356897911],
  [24.721236816237525, 307.5681008384877],
  [14.485448078469645, 301.6138200696499],
  [6.951711688013129, 271.5456421636331],
  [5.396757752749636, 251.35225637250105],
  [4.258691651247827, 235.05925381663872],
  [3.3316856546756766, 223.23334927631498],
  [2.4664584785451695, 191.52374012917687],
  [2.0294317423344186, 187.2232318556683],
  [1.0439912638071296, 42.65935606827806],
  [0.06955721848091095, 0.4477817169876467],
  [0.09667005372359481, 46.82846383196376],
  [0.014774984012836088, 15.240313566991558]]]
